{
    "accuracy": 0.9734188817598534,
    "precision": 0.9836065573770492,
    "recall": 0.8163265306122449,
    "auc": 0.9071039432722241
}